CTV1
ABA2021SU 11-12 printed, 1, 1, 0, 1, 0, 1, 1, 0, 1, 1, 99, 2, 0, 0, 
ABI2021LO 11-12 printed, 1, 1, 0, 1, 0, 1, 1, 0, 3, 0, 99, 2, 0, 0, 
ALJ2021WI 11-12 printed, 1, 1, 0, 1, 0, 1, 1, 0, 1, 0, 99, 2, 0, 0, 
CAR2021HA 11-12 printed, 1, 1, 0, 2, 0, 1, 1, 0, 1, 0, 99, 99, 0, 0, 
DEK2021YA 11-12 printed, 1, 1, 0, 0, 0, 1, 1, 0, 1, 0, 99, 99, 0, 0, 
EMJ2021RO 11-12 printed, 1, 1, 0, 2, 0, 1, 1, 0, 3, 0, 99, 2, 0, 0, 
HAVE2021EV 11-12 printed, 1, 1, 0, 1, 0, 1, 1, 0, 1, 0, 99, 2, 0, 0, 
HUJ2021PA 11-12 printed, 1, 1, 1, 4, 0, 4, 1, 0, 3, 0, 99, 2, 0, 0, 
LED2021CA 11-12 printed, 1, 1, 0, 0, 0, 4, 1, 0, 3, 0, 99, 0, 0, 0, 
LIG2021KE 11-12 printed, 1, 1, 0, 1, 0, 1, 1, 0, 3, 0, 99, 0, 0, 0, 
MAA2021MA 11-12 printed, 1, 1, 0, 1, 0, 1, 1, 0, 1, 1, 99, 2, 0, 0, 
RER2021HA 11-12 printed, 1, 1, 0, 1, 0, 1, 1, 0, 1, 0, 99, 0, 0, 0, 
RYK2021ST 11-12 printed, 1, 1, 0, 0, 1, 5, 1, 1, 3, 0, 99, 0, 0, 0, 
SAL2021OL 11-12 printed, 1, 1, 0, 2, 0, 1, 1, 0, 3, 0, 99, 2, 0, 0, 
SYK2021FU 11-12 printed, 1, 1, 0, 1, 0, 1, 1, 0, 1, 0, 99, 0, 0, 0, 
THS2021SW 11-12 printed, 1, 1, 0, 1, 0, 1, 1, 0, 1, 0, 99, 2, 0, 0, 
WIT2021TH 11-12 printed, 1, 1, 0, 4, 0, 1, 1, 0, 1, 0, 99, 0, 0, 0, 
ZAE2021BU 11-12 printed, 1, 1, 2, 4, 0, 1, 1, 0, 0, 0, 99, 2, 2, 0, 
ZAP2021CA 11-12 printed, 1, 1, 0, 1, 0, 1, 1, 0, 1, 1, 99, 0, 2, 2, 
