CTV1
ANT2021Vl 11-12printed, 1, 1, 0, 1, 0, 1, 1, 0, 1, 1, 99, 0, 0, 0, 
BrW2021Ha 11-12printed, 1, 1, 0, 1, 0, 1, 1, 0, 1, 0, 99, 2, 0, 0, 
CHS2021Wo 11-12printed, 1, 1, 2, 4, 0, 3, 1, 0, 1, 0, 99, 0, 0, 0, 
CaA2021Co11-12 printed, 1, 1, 0, 1, 0, 1, 1, 0, 1, 0, 99, 0, 0, 0, 
CaR2021Jo11-12 printed, 1, 1, 0, 1, 0, 1, 1, 0, 1, 1, 99, 0, 0, 2, 
ClM2021Bl11-12 printed, 1, 1, 0, 99, 0, 1, 1, 0, 3, 1, 99, 0, 0, 0, 
ElC2021Sh11-12printed, 1, 1, -1, -1, -1, -1, -1, -1, -1, -1, -1, 0, 0, 2, 
EmL2021Gu11-12 printed, 1, 1, 0, 1, 0, 1, 1, 0, 1, 1, 99, 99, 0, 0, 
HaS2021Me 11-12 printed, 1, 1, 0, 0, 0, 1, 1, 0, 1, 1, 99, 0, 0, 0, 
IsR2021Br11-12printed, 1, 1, -1, -1, -1, -1, -1, -1, -1, -1, -1, 0, 0, 2, 
JaA2021Mo 11-12 printed, 1, 1, 0, 1, 0, 1, 1, 0, 1, 1, 99, 0, 0, 2, 
Jar2021Be 11-12printed, 1, 1, -1, -1, -1, -1, -1, -1, -1, -1, -1, 0, 0, 0, 
JoR2021Sm 11-12 printed, 1, 1, 0, 99, 0, 1, 1, 0, 1, 0, 99, 0, 0, 0, 
JoT2021Ch11-12printed, 1, 1, -1, -1, -1, -1, -1, -1, -1, -1, -1, 0, 0, 0, 
KaE2021Re 11-12printed, 1, 1, -1, -1, -1, -1, -1, -1, -1, -1, -1, 0, 0, 0, 
KaL2021Se 11-12 printed, 1, 1, 0, 1, 0, 1, 1, 0, 3, 1, 99, 0, 0, 0, 
KeM2021Fl 11-12printed, 1, 1, -1, -1, -1, -1, -1, -1, -1, -1, -1, 0, 0, 0, 
LaB2021Ko 11-12printed, 1, 1, -1, -1, -1, -1, -1, -1, -1, -1, -1, 2, 0, 0, 
LeR2021Ha 11-12printed, 1, 1, -1, -1, -1, -1, -1, -1, -1, -1, -1, 0, 1, 2, 
LoA2021Ca11-12 printed, 1, 1, 0, 0, 0, 1, 99, 0, 3, 0, 99, 99, 0, 0, 
LoP2021Sc 11-12 printed, 1, 1, 0, 0, 0, 1, 1, 0, 1, 0, 99, 0, 0, 0, 
LuA2021Bu 11-12printed, 1, 1, -1, -1, -1, -1, -1, -1, -1, -1, -1, 0, 0, 0, 
MaK2021Al11-12 printed, 1, 1, 0, 1, 0, 1, 1, 0, 1, 1, 99, 0, 0, 2, 
Mal2021Be11-12 printed, 1, 1, 2, 0, 99, 1, 1, 2, 3, 1, 99, 1, 0, 0, 
NiK2021Pa 11-12 printed, 1, 1, 0, 1, 0, 3, 1, 0, 1, 1, 99, 0, 0, 2, 
Ni_2021La 11-12printed, 1, 1, -1, -1, -1, -1, -1, -1, -1, -1, -1, 0, 0, 0, 
OlA2021Pe 11-12 printed, 1, 1, 0, 1, 0, 1, 1, 0, 1, 1, 99, 0, 1, 2, 
OwH2021Br11-12printed, 1, 1, -1, -1, -1, -1, -1, -1, -1, -1, -1, 0, 0, 0, 
QuK2021Kl 11-12 printed, 1, 1, 0, 1, 0, 1, 1, 0, 2, 1, 99, 0, 0, 0, 
RaE2021Ta 11-12printed, 1, 1, -1, -1, -1, -1, -1, -1, -1, -1, -1, 2, 0, 0, 
RyJ2021Do11-12 printed, 1, 1, 0, 0, 0, 1, 1, 0, 1, 1, 99, 0, 0, 0, 
TaJ2021Ig11-12 printed, 1, 1, 0, 0, 0, 1, 1, 0, 1, 0, 99, 0, 0, 0, 
ThJ2021Wh 11-12 printed, 1, 1, 0, 4, 0, 3, 99, 0, 1, 0, 0, 99, 0, 0, 
TyL2021Ku 11-12 printed, 1, 1, 0, 0, 0, 1, 1, 0, 1, 0, 99, 0, 0, 99, 
WiA2021Ke 11-12 printed, 1, 1, 0, 1, 0, 1, 1, 1, 3, 0, 99, 0, 0, 0, 
