CTV1
Ans2021Ba 11-12 printed, 1, 1, 0, 4, 1, 5, 1, 0, 3, 0, 99, 2, 0, 0, 
CoR2021Sh 11-12 printed, 1, 1, 0, 1, 0, 3, 99, 0, 3, 0, 99, 99, 0, 0, 
DaR2021Fl 11-12 printed, 1, 1, 0, 1, 0, 1, 1, 0, 1, 1, 99, 2, 0, 0, 
GwC2021Bo 11-12 printed, 1, 1, 0, 1, 0, 1, 1, 0, 1, 0, 99, 2, 0, 0, 
HaH2021Zw11-12 printed, 1, 1, 0, 1, 0, 1, 1, 0, 1, 1, 99, 2, 0, 0, 
IsM2021Ha 11-12 printed, 1, 1, 0, 99, 1, 5, 1, 0, 1, 0, 99, 0, 0, 0, 
JaJ2021Ha 11-12 printed, 1, 1, 0, 1, 0, 1, 1, 0, 1, 1, 0, 99, 0, 0, 
JaT2021Za11-12 printed, 1, 1, 0, 0, 0, 1, 1, 0, 3, 0, 99, 0, 0, 0, 
LoA2021An 11-12 printed, 1, 1, 0, 1, 0, 1, 1, 0, 1, 0, 99, 2, 0, 0, 
MaA2021Be 11-12 printed, 1, 1, 0, 1, 0, 1, 1, 0, 2, 1, 99, 0, 0, 2, 
MaM2021Pu 11-12 printed, 1, 1, 0, 1, 0, 4, 1, 0, 1, 0, 99, 2, 0, 0, 
MaT2021Vo 11-12 printed, 1, 1, 0, 1, 0, 1, 1, 0, 1, 0, 99, 0, 0, 2, 
MeA2021Br 11-12 printed, 1, 1, 0, 1, 0, 3, 1, 3, 3, 1, 99, 99, 0, 0, 
OlT2021Le 11-12 printed, 1, 1, 0, 1, 0, 1, 1, 0, 1, 0, 99, 0, 0, 0, 
RoT2021Ne 11-12 printed, 1, 1, 0, 0, 0, 4, 0, 0, 3, 0, 99, 99, 0, 0, 
SaA2021Ba 11-12 printed, 1, 1, 0, 0, 0, 3, 1, 4, 1, 0, 99, 0, 0, 2, 
SyR2021Wr11-12 printed, 1, 1, 0, 4, 0, 4, 1, 0, 3, 0, 99, 0, 0, 0, 
TiK2021Kl 11-12 printed, 1, 1, 0, 1, 0, 1, 1, 0, 99, 1, 99, 0, 0, 0, 
TyJ2021Fo 11-12 printed, 1, 1, 2, 4, 1, 5, 1, 0, 3, 0, 99, 2, 0, 0, 
TyW2021Ma 11-12 printed, 1, 1, 0, 0, 0, 1, 1, 4, 1, 0, 99, 99, 2, 2, 
