CTV1
ALG2021PO 11-12 printed, 1, 1, 0, 1, 0, 1, 1, 1, 3, 0, 99, 0, 0, 2, 
ANJ2021JA 11-12 printed, 1, 1, 0, 1, 0, 1, 1, 0, 1, 0, 99, 0, 0, 0, 
ANM2021KA 11-12 printed, 1, 1, 0, 1, 0, 1, 1, 0, 1, 1, 99, 0, 0, 0, 
ASV2021KE 11-12 printed, 1, 1, 0, 1, 0, 1, 0, 0, 3, 0, 99, 0, 2, 2, 
BLH2021BO 11-12 printed, 1, 1, 0, 1, 0, 1, 1, 0, 1, 1, 99, 0, 0, 0, 
BLM2021WA 11-12 printed, 1, 1, 0, 1, 1, 5, 1, 1, 3, 0, 99, 2, 0, 0, 
BRR2021CI 11-12 printed, 1, 1, 0, 1, 0, 1, 1, 0, 2, 1, 99, 2, 0, 0, 
BRR2021LE 11-12 printed, 1, 1, 0, 1, 0, 1, 1, 0, 1, 1, 99, 0, 0, 0, 
CHR2021BL11-12 printed, 1, 1, 0, 1, 0, 99, 1, 0, 3, 0, 99, 0, 0, 0, 
CH_2021ZH 11-12 printed, 1, 1, 0, 1, 0, 1, 1, 0, 1, 1, 99, 0, 0, 0, 
COE2012AN 11-12 printed, 1, 1, 2, 4, 0, 1, 1, 2, 3, 1, 99, 0, 0, 2, 
ELS2021HE 11-12 printed, 1, 1, 0, 1, 0, 1, 1, 0, 1, 0, 99, 0, 0, 2, 
EMK2021NI 11-12 printed, 1, 1, 0, 1, 0, 1, 1, 0, 1, 0, 99, 0, 0, 0, 
GRE2021ST 11-12 printed, 1, 1, 0, 1, 0, 1, 1, 0, 1, 1, 99, 0, 0, 2, 
JER2021Da 11-12 printed, 1, 1, 0, 1, 0, 1, 1, 0, 1, 0, 99, 0, 0, 0, 
JOB2021HA11-12 printed, 1, 1, 0, 1, 0, 1, 1, 0, 2, 1, 99, 0, 0, 0, 
MCK2021HU 11-12 printed, 1, 1, 0, 1, 0, 1, 1, 0, 2, 1, 99, 99, 0, 0, 
STY2021MA 11-12 printed, 1, 1, 0, 1, 0, 3, 1, 0, 2, 1, 99, 0, 0, 0, 
THK2021KR11-12 printed, 1, 1, 0, 1, 0, 3, 1, 0, 3, 0, 99, 0, 0, 0, 
ZOM2021BU 11-12 printed, 1, 1, 0, 1, 0, 1, 1, 0, 2, 0, 99, 2, 2, 0, 
