CTV1
AnP2020Sh 11-12 printed, 1, 1, 0, 99, 0, 1, 1, 1, 3, 0, 99, 0, 0, 0, 
BlC2020Pi 11-12 printed, 1, 1, 0, 1, 0, 0, 1, 0, 2, 1, 99, 0, 0, 0, 
ElH2020He 11-12 printed, 1, 1, 0, 1, 0, 1, 1, 0, 99, 0, 99, 2, 0, 0, 
ElM2020Fo 11-12 printed, 1, 1, 0, 0, 0, 1, 1, 0, 2, 1, 0, 0, 0, 2, 
El_2020Or11-12 printed, 1, 1, 0, 0, 0, 3, 99, 0, 1, 1, 99, 0, 0, 2, 
ErB2020Ol 11-12 printed, 1, 1, 1, 1, 0, 1, 1, 0, 3, 0, 99, 2, 0, 0, 
GaG2020Vi 11-12 printed, 1, 1, 0, 1, 0, 1, 1, 0, 1, 1, 99, 0, 99, 2, 
Gak2020Le11-12 printed, 1, 1, 0, 1, 0, 1, 1, 0, 1, 1, 99, 0, 0, 0, 
IsM2020Ga 11-12 printed, 1, 1, 0, 1, 0, 99, 1, 0, 1, 1, 99, 0, 0, 0, 
JaJ2020Ca 11-12 printed, 1, 1, 0, 1, 0, 1, 1, 0, 1, 1, 99, 0, 0, 2, 
JaP2020Do 11-12 printed, 1, 1, 0, 1, 0, 1, 1, 0, 99, 1, 99, 0, 0, 0, 
Ji_2020Ye 11-12 printed, 1, 1, 0, 1, 0, 1, 1, 0, 2, 1, 99, 0, 0, 0, 
JoA2020Ca 11-12 printed, 1, 1, 0, 0, 0, 0, 1, 0, 3, 1, 0, 0, 0, 0, 
JoE2020To11-12 printed, 1, 1, 2, 4, 0, 1, 1, 0, 1, 0, 99, 0, 0, 0, 
JoM2020Io11-12 printed, 1, 1, 0, 1, 0, 4, 1, 0, 1, 1, 99, 0, 0, 1, 
Kep2020Po 11-12 printed, 1, 1, 0, 1, 0, 1, 1, 0, 1, 1, 99, 0, 0, 2, 
MaS2020La11-12 printed, 1, 1, 0, 1, 0, 1, 1, 0, 3, 1, 99, 0, 0, 2, 
MaW2020Up 11-12 printed, 1, 1, 0, 1, 0, 1, 1, 0, 2, 1, 99, 0, 0, 0, 
MiJ2020Du11-12 printed, 1, 1, 2, 4, 0, 1, 1, 2, 3, 1, 99, 0, 0, 99, 
MoA2020St 11-12 printed, 1, 1, 0, 1, 0, 1, 1, 0, 1, 0, 99, 0, 0, 0, 
NaP2020Wi11-12 printed, 1, 1, 0, 0, 0, 1, 1, 0, 3, 0, 99, 0, 0, 0, 
OmI2020Eg 11-12 printed, 1, 1, 0, 1, 0, 1, 1, 0, 1, 1, 99, 0, 0, 0, 
ReM2020Pa 11-12 printed, 1, 1, 0, 1, 0, 1, 1, 0, 1, 1, 99, 2, 0, 0, 
SeF2020Bu 11-12 printed, 1, 1, 0, 0, 0, 1, 1, 0, 3, 1, 99, 0, 0, 0, 
