CTV1
AaK2020Sa 11-12 printed, 1, 1, 0, 1, 0, 1, 1, 0, 1, 1, 99, 0, 0, 2, 
AbJ2020En 11-12 printed, 1, 1, 0, 1, 0, 1, 1, 0, 1, 1, 99, 0, 0, 2, 
AbJ2020Pe 11-12 printed, 1, 1, 0, 1, 0, 1, 1, 0, 1, 1, 99, 0, 0, 0, 
AlM2020Co 11-12 printed, 1, 1, 0, 1, 0, 1, 1, 0, 1, 0, 99, 2, 0, 0, 
AnK2020Ch 11-12 printed, 1, 1, 0, 1, 0, 1, 0, 0, 1, 1, 99, 0, 0, 0, 
Ane2020Ho 11-12 printed, 1, 1, 3, 4, 0, 1, 1, 3, 3, 1, 99, 1, 0, 0, 
AuA2020Ri 11-12 printed, 1, 1, 0, 1, 0, 4, 1, 0, 1, 1, 99, 0, 0, 2, 
BrR2020Be 11-12 printed, 1, 1, 1, 4, 0, 3, 1, 0, 3, 0, 99, 0, 0, 0, 
CaJ2020St 11-12 printed, 1, 1, 0, 0, 0, 1, 1, 0, 1, 0, 99, 2, 0, 0, 
CoR2020Ha 11-12 printed, 1, 1, 0, 0, 0, 1, 1, 0, 3, 0, 99, 0, 0, 0, 
ElJ2020St 11-12 printed, 1, 1, 0, 1, 0, 1, 1, 0, 2, 1, 99, 0, 0, 0, 
JoC2020Sh 11-12 printed, 1, 1, 0, 1, 0, 1, 1, 0, 3, 1, 99, 0, 0, 2, 
JoT2020HO 11-12 printed, 1, 1, 0, 0, 0, 1, 1, 0, 3, 0, 0, 2, 0, 0, 
JuC2020To 11-12 printed, 1, 1, 1, 4, 0, 1, 1, 0, 1, 0, 0, 2, 0, 0, 
LaS2020Gu 11-12 printed, 1, 1, 0, 1, 0, 1, 1, -1, 3, 1, 99, 0, 0, 0, 
MaJ2020Mo 11-12 printed, 1, 1, 0, 1, 0, 2, 1, 0, 1, 1, 99, 2, 0, 0, 
Man2020Mc 11-12 printed, 1, 1, 0, 99, 0, 1, 1, 1, 3, 0, 99, 2, 99, 0, 
MiA2020Wi 11-12 printed, 1, 1, 0, 0, 0, 0, 1, 0, 1, 0, 99, 0, 0, 0, 
NaJ2020So 11-12 printed, 1, 1, 1, 4, 0, 99, 1, 0, 3, 1, 99, 0, 0, 0, 
OlG2020Li 11-12 printed, 1, 1, 0, 0, 0, 1, 1, 0, 1, 0, 0, 0, 0, 99, 
PaM2020Th 11-12 printed, 1, 1, 0, 1, 0, 1, 1, 0, 1, 0, 99, 0, 0, 0, 
SaR2020Tr 11-12 printed, 1, 1, 0, 0, 0, 1, 1, 0, 1, 1, 99, 0, 0, 0, 
SiE2020Go 11-12 printed, 1, 1, 0, 1, 0, 1, 1, 0, 1, 1, 99, 0, 0, 99, 
Sir2020Gu 11-12 printed, 1, 1, 0, 0, 0, 0, 0, 0, 3, 0, 0, 0, 0, 2, 
Som2020Ra 11-12printed, 1, 1, 0, 1, 0, 1, 1, 1, 3, 0, 99, 2, 0, 0, 
ZaM2020Bi 11-12 printed, 1, 1, 0, 0, 0, 1, 1, 0, 1, 0, 99, 0, 0, 2, 
