CTV1
ALK2020LL11-12 p, 1, 1, 0, 1, 0, 1, 1, 0, 2, 1, 99, 0, 0, 99, 
ANG2020MA 11-12 p, 1, 1, 0, 99, 0, 1, 1, 0, 1, 0, 99, 2, 0, 0, 
CAC2020ST 11-12 p, 1, 1, 0, 1, 0, 1, 1, 0, 1, 0, 99, 2, 2, 99, 
DLM2020ED 11-12 p, 1, 1, 0, 0, 0, 1, 1, 0, 1, 0, 99, 1, 0, 0, 
EMM2020VO 11-12 p, 1, 1, 5, 1, 0, 1, 1, 0, 1, 0, 0, 0, 0, 1, 
ERA2020OSA 11-12 p, 1, 1, 0, 0, 0, 1, 1, 0, 3, 1, 99, 99, 99, 99, 
HAK2020SM 11-12 p, 1, 1, 0, 99, 0, 99, 1, 0, 1, 1, 99, 0, 0, 99, 
IrO2020Yo11-12 p, 1, 1, 0, 1, 0, 1, 1, 0, 3, 0, 99, 2, 0, 0, 
JAC2020EG 11-12 p, 1, 1, 0, 1, 0, 99, 1, 0, 2, 1, 99, 1, 1, 1, 
KAR2020RE 11-12 p, 1, 1, 0, 1, 0, 1, 1, 0, 1, 1, 99, 1, 99, 99, 
LAE2020JO 11-12 p, 1, 1, 0, 99, 0, 1, 1, 0, 1, 0, 99, 99, 0, 0, 
LSM2020HA11-12 p, less than five samples 
MAD2020BR 11-12 p, less than five samples 
MAE2020MI 11-12 p, 1, 1, 0, 1, 0, 1, 1, 0, 1, 1, 99, 99, 0, 0, 
MAI2020CA 11-12 p, 1, 1, 0, 1, 0, 1, 1, 0, 1, 0, 99, 99, 99, 99, 
MIA2020Je 11-12 p, 1, 1, 0, 1, 0, 99, 1, 0, 1, 0, 99, 2, 99, 0, 
MlD2020DE 11-12 p, 1, 1, 0, 0, 0, 0, 1, 0, 3, 0, 0, 99, 0, 99, 
OLE2020FR 11-12 p,less than five samples 
SAI2020TA 11-12 p, 1, 1, 0, 1, 0, 1, 1, 0, 1, 1, 99, 0, 0, 1, 
SAL2020HA 11-12 p, 1, 1, 0, 99, 0, 0, 1, 0, 1, 1, 99, 1, 0, 0, 
STW2020BA 11-12 p, 1, 1, 0, 1, 0, 99, 1, 0, 1, 1, 99, 99, 0, 0, 
TYP2020HU 11-12 p, 1, 1, 0, 99, 0, 1, 1, 0, 1, 0, 99, 2, 0, 0, 
TYR2020CH 11-12 p, 1, 1, 0, 0, 0, 0, 1, 0, 1, 1, 99, 0, 0, 1, 
