CTV1
AdK2020He11-12 printed, 1, 1, 0, 1, 0, 99, 1, 0, 1, 0, 99, 0, 0, 0, 
AnL2020Fe11-12 printed, 1, 1, 0, 1, 0, 1, 1, 0, 1, 0, 99, 0, 0, 0, 
Cal2020Fa11-12 printed, 1, 1, 0, 1, 0, 1, 0, 0, 1, 1, 99, 0, 0, 2, 
CoR2020Sm11-12 printed only, 1, 1, 0, 1, 0, 1, 1, 1, 3, 1, 99, 0, 0, 0, 
DaM2020Ha11-12 printed, 1, 1, 0, 1, 0, 99, 0, 0, 1, 0, 99, 1, 0, 0, 
DyL2020Nd11-12 printed, 1, 1, 0, 1, 0, 4, 1, 0, 1, 0, 99, 0, 0, 0, 
EmR2020Ll11-12 printed, 1, 1, 0, 1, 0, 1, 1, 0, 1, 1, 99, 1, 1, 1, 
HoM2020Tr11-12 printed, 1, 1, 0, 0, 0, 1, 1, 0, 1, 1, 99, 0, 0, 0, 
KaR2020Br11-12 printed, 1, 1, 5, 1, 0, 1, 1, 0, 1, 0, 0, 0, 0, 0, 
KeG2020En11-12 printed, 1, 1, 0, 0, 0, 99, 1, 0, 1, 1, 99, 2, 0, 0, 
KeM2020Ko11-12 printed, 1, 1, 5, 1, 0, 1, 1, 0, 1, 1, 0, 0, 0, 0, 
Kir2020Wa11-12 printed, 1, 1, 5, 99, 0, 1, 1, 0, 1, 0, 0, 2, 0, 0, 
MaE2020Hl11-12 printed, 1, 1, 0, 1, 0, 1, 1, 0, 1, 0, 99, 2, 0, 0, 
MaG2020Du11-12 printed, 1, 1, 0, 1, 0, 1, 1, 0, 1, 0, 99, 0, 0, 0, 
NaR2020Ne11-12 printed, 1, 1, 0, 0, 0, 1, 0, 0, 1, 0, 99, 0, 0, 0, 
RoG2020Er11-12 printed, 1, 1, 0, 1, 0, 1, 1, 0, 1, 1, 99, 0, 0, 2, 
SaE2020Mo11-12 printed, 1, 1, 0, 1, 0, 1, 1, 0, 1, 1, 99, 0, 0, 1, 
SoA2020Wu11-12 printed, 1, 1, 0, 1, 0, 1, 0, 0, 3, 0, 99, 0, 0, 0, 
SyM2020Ro11-12 printed, 1, 1, 0, 1, 0, 1, 1, 0, 3, 1, 99, 99, 99, 2, 
WlC2020ma11-12 printed, 1, 1, 0, 1, 0, 3, 0, 1, 3, 0, 99, 2, 1, 0, 
