CTV1
AbJ2020Bi11-12 printed, 1, 1, 0, 1, 0, 1, 1, 0, 2, 1, 99, 1, 0, 0, 
AlS2020Mu11-12 printed, 1, 1, 0, 1, 0, 99, 1, 0, 1, 1, 99, 0, 0, 2, 
Am2020Ru11-12 printed, 1, 1, 0, 1, 0, 1, 1, 0, 1, 1, 99, 0, 0, 2, 
AnL2020Kl11-12 printed, 1, 1, 0, 0, 0, 1, 1, 0, 1, 99, 99, 0, 0, 0, 
AnM2020Ba11-12 printed, 1, 1, 0, 0, 0, 1, 1, 0, 3, 0, 99, 0, 0, 0, 
AnM2020Se11-12 printed, 1, 1, 0, 0, 0, 1, 1, 0, 1, 0, 99, 0, 0, 0, 
AvM2020Mc11-12 printed, 1, 1, 1, 4, 0, 3, 1, 1, 3, 0, 99, 0, 0, 0, 
BrJ2020Gu11-12 printed, 1, 1, 0, 1, 0, 3, 1, 0, 1, 0, 99, 2, 0, 0, 
BrJ2020Ro11-12 printed, 1, 1, 0, 1, 0, 4, 1, 0, 3, 0, 99, 0, 0, 0, 
ChK2020En11-12 printed, 1, 1, 0, 1, 0, 1, 1, 0, 2, 1, 99, 2, 0, 0, 
Cle2020Pa11-12 printed, 1, 1, 0, 1, 0, 1, 1, 0, 1, 1, 99, 0, 0, 0, 
DeA2020Ca11-12 printed, 1, 1, 0, 1, 0, 1, 0, 0, 1, 0, 99, 2, 0, 0, 
ElM2020St11-12 printed, 1, 1, 0, 1, 0, 1, 1, 0, 2, 1, 99, 0, 0, 0, 
Ern2020Br11-12 printed, 1, 1, 0, 1, 0, 1, 1, 0, 1, 1, 99, 1, 2, 2, 
EtL2020Bo11-12 printed, 1, 1, 2, 1, 0, 1, 1, 2, 3, 1, 99, 0, 0, 0, 
EvJ2020Ca11-12 printed, 1, 1, 0, 0, 0, 1, 1, 0, 1, 0, 99, 2, 0, 0, 
GrL2020JO11-12 printed, 1, 1, 0, 1, 0, 1, 1, 0, 1, 1, 99, 0, 0, 0, 
IsM2020Jo11-12 printed, 1, 1, 0, 1, 0, 1, 1, 0, 1, 0, 99, 0, 0, 0, 
JaS2020Ha11-12 printed, 1, 1, 0, 0, 1, 5, 1, 0, 1, 1, 99, 0, 0, 0, 
JeA2020Ca11-12 printed, 1, 1, 0, 0, 1, 1, 1, 0, 99, 1, 99, 0, 0, 0, 
JoR2020Oc11-12 printed, 1, 1, 0, 0, 0, 1, 0, 0, 1, 0, 99, 2, 0, 0, 
KaE2020De11-12 printed, 1, 1, 0, 0, 0, 1, 1, 0, 1, 0, 99, 2, 0, 0, 
LoT2020St11-12 printed, 1, 1, 0, 0, 0, 3, 1, 0, 2, 1, 99, 0, 0, 0, 
MaJ2020Ja11-12 printed, 1, 1, 0, 99, 0, 1, 1, 0, 1, 0, 99, 99, 0, 0, 
Ra2020Po11-12 printed, 1, 1, 0, 1, 0, 1, 0, 0, 1, 0, 99, 0, 0, 0, 
