CTV1
BaY2020Yu11-12 printed, 1, 1, 0, 1, 0, 1, 1, 0, 2, 1, 99, 99, 0, 0, 
BeM2020Da11-12 printed, 1, 1, 0, 1, 0, 1, 1, 0, 1, 0, 99, 2, 0, 0, 
BeM2020Se11-12 printed, 1, 1, 1, 4, 0, 0, 0, 0, 1, 0, 99, 2, 0, 0, 
BlJ2020Ro11-12 printed, 1, 1, 0, 1, 0, 1, 0, 4, 3, 0, 99, 2, 2, 2, 
CaL2020Kr11-12 printed, 1, 1, 0, 1, 0, 1, 1, 1, 3, 0, 99, 0, 0, 0, 
CaW2020Fr11-12 printed, 1, 1, 0, 1, 0, 4, 0, 0, 1, 0, 99, 0, 0, 0, 
ChR2020Wr11-12 printed, 1, 1, 0, 0, 0, 1, 1, 0, 1, 1, 99, 0, 0, 2, 
DyD2020Sn 11-12 printed, 1, 1, 0, 4, 0, 2, 1, 0, 3, 0, 0, 0, 0, 0, 
ElF2020Ga11-12 printed, 1, 1, 0, 1, 0, 1, 0, 0, 1, 1, 99, 0, 0, 0, 
ErN2020Ha11-12 printed, 1, 1, 0, 1, 0, 1, 1, 0, 1, 0, 99, 0, 0, 0, 
GrD2020En11-12 printed, 1, 1, 0, 1, 0, 1, 1, 0, 1, 1, 99, 0, 0, 99, 
IsR2020Ch11-12 printed, 1, 1, 1, 4, 0, 1, 1, 0, 1, 0, 0, 0, 0, 0, 
JOW2020LI 11-12 printed, 1, 1, 0, 1, 0, 4, 1, 0, 1, 0, 99, 0, 0, 0, 
JaM2020Ma11-12 printed, 1, 1, 0, 1, 0, 1, 1, 0, 1, 0, 99, 0, 0, 0, 
JoS2020Wi11-12 printed, 1, 1, 0, 1, 0, 4, 1, 0, 3, 0, 99, 0, 0, 2, 
MaA2020Mo11-12 printed, 1, 1, 0, 0, 0, 3, 0, 0, 0, 1, 99, 0, 0, 99, 
MaP2020Fe11-12 printed, 1, 1, 0, 1, 0, 4, 1, 0, 1, 0, 99, 0, 0, 0, 
NiK2020Pr11-12 printed, 1, 1, 0, 1, 0, 1, 0, 0, 3, 0, 99, 0, 0, 0, 
PaO2020Ne11-12 printed, 1, 1, 0, 0, 0, 1, 1, 0, 3, 0, 99, 0, 0, 2, 
SeE2020Br11-12 printed, 1, 1, 0, 1, 0, 1, 1, 1, 3, 0, 99, 2, 0, 0, 
TeE2020Cu11-12 printed, 1, 1, 0, 1, 0, 1, 1, 0, 1, 1, 99, 0, 0, 0, 
ZaG2020Sc11-12 printed, 1, 1, 0, 1, 0, 4, 1, 0, 1, 0, 99, 0, 0, 0, 
ZaJ2020Ch11-12, 1, 1, 0, 1, 0, 1, 1, 0, 1, 1, 99, 2, 0, 0, 
