CTV1
ADM2020DA 11-12 cursive, 1, 1, -1, -1, -1, -1, -1, -1, -1, -1, -1, 0, 0, 0, 
ADM2020DA 11-12 printed, 1, 1, 0, 1, 0, 1, 0, 0, 1, 1, 99, 0, 0, 0, 
ALG2020FI 11-12 cursive, 1, 1, -1, -1, -1, -1, -1, -1, -1, -1, -1, 0, 0, 0, 
ALG2020FI 11-12 printed, 1, 1, 0, 1, 0, 1, 1, 0, 3, 0, 0, 0, 0, 0, 
ALJ2020PA 11-12 printed, 1, 1, 0, 1, 0, 4, 1, 0, 3, 0, 99, 0, 0, 0, 
ANM2020MU 11-12 printed, 1, 1, 0, 1, 0, 1, 1, 0, 1, 0, 0, 0, 0, 0, 
AY2020KH 11-12 printed, 1, 1, 0, 0, 0, 1, 1, 0, 1, 1, 99, 0, 0, 2, 
AlT220Be 11-12 printed, 1, 1, 0, 1, 0, 1, 1, 0, 1, 1, 99, 2, 0, 0, 
AsM2020Ha 11-12 printed, 1, 1, 0, 1, 0, 1, 1, 0, 1, 1, 99, 0, 0, 2, 
AuG2020Al 11-12 pritnted, 1, 1, 0, 1, 0, 1, 1, 0, 1, 0, 99, 2, 0, 0, 
CHH2020AN 11-12 printed, 1, 1, 0, 1, 0, 1, 1, 1, 3, 0, 99, 0, 2, 2, 
DaP2020La 11-12 printed, 1, 1, 0, 1, 0, 3, 1, 0, 1, 0, 99, 0, 0, 0, 
DyT2020Ly 11-12 printed, 1, 1, 0, 0, 0, 1, 1, 0, 1, 0, 99, 2, 0, 0, 
Elb2020Sc 11-12 printed, 1, 1, 0, 1, 0, 3, 1, 1, 3, 0, 99, 2, 0, 0, 
HEM2020RO 11-12 printed, 1, 1, 0, 1, 0, 1, 1, 0, 1, 0, 99, 0, 2, 2, 
JAA2020GO 11-12 printed, 1, 1, 0, 1, 0, 1, 1, 0, 1, 0, 99, 0, 99, 2, 
JAM2020SP 11-12 printed, 1, 1, 0, 0, 0, 1, 1, 0, 2, 1, 99, 2, 2, 2, 
JOC2020SI 11-12 printed, 1, 1, 0, 1, 0, 1, 0, 0, 1, 0, 99, 0, 0, 2, 
JuM2020To 11-12 printed, 1, 1, 0, 1, 0, 4, 0, 0, 1, 1, 99, 0, 0, 2, 
Laj2020Pa 11-12 printed, 1, 1, 0, 1, 0, 1, 1, 1, 3, 0, 99, 0, 0, 0, 
MaA2020PC 11-12 printed, 1, 1, 0, 1, 0, 3, 1, 0, 2, 1, 99, 2, 0, 0, 
Mac2020Wi 11-12 printed, 1, 1, 0, 1, 0, 1, 1, 0, 1, 1, 99, 0, 0, 0, 
MlE2020Ro 11-12 printed, 1, 1, 2, 4, 0, 1, 0, 0, 3, 0, 99, 2, 0, 0, 
ReT2020Oj 11-12 printed, 1, 1, 0, 1, 0, 1, 1, 0, 1, 0, 99, 2, 0, 0, 
SIP2020FL 11-12 printed, 1, 1, 0, 4, 0, 1, 0, 0, 1, 0, 99, 2, 0, 0, 
TIP2020FE 11-12 printed, 1, 1, 0, 0, 0, 1, 1, 0, 1, 0, 99, 0, 0, 0, 
