CTV1
AdK2020He11-12 cursive, 1, 0, 0, 1, 1, 1, 0, 1, 0, 0, 99, 2, 0, 0, 
AnL2020Fe11-12 cursive, 1, 0, 99, 1, 1, 1, 0, 1, 0, 0, 99, 2, 2, 2, 
Cal2020Fa11-12 cursive, 1, 0, 1, 1, 1, 1, 0, 2, 0, 0, 99, 0, 0, 1, 
DaM2020Ha11-12 cursive, 1, 0, 0, 1, 1, 1, 99, 1, 0, 0, 99, 0, 0, 99, 
DyL2020Nd11-12 cursive, 1, 0, 1, 1, 1, 1, 2, 2, 0, 0, 99, 0, 0, 1, 
EmR2020Ll11-12 cursive, 1, 0, 2, 1, 1, 1, 2, 1, 0, 0, 99, 2, 2, 0, 
HoM2020Tr11-12 cursive, 1, 0, 2, 0, 1, 1, 0, 1, 1, 0, 99, 2, 2, 0, 
KaR2020Br11-12 cursive, 1, 0, 1, 2, 1, 1, 0, 2, 0, 0, 99, 0, 0, 1, 
KeG2020En11-12 cursive, 1, 0, 2, 1, 1, 99, 2, 1, 0, 0, 99, 1, 0, 0, 
KeM2020Ko11-12 cursive, 1, 0, 2, 1, 1, 1, 1, 1, 0, 0, 99, 1, 0, 0, 
Kir2020Wa11-12 cursive, 1, 0, 1, 1, 1, 1, 0, 1, 0, 0, 99, 2, 2, 99, 
MaE2020Hl11-12 cursive, 1, 0, 1, 1, 1, 1, 0, 1, 0, 0, 99, 1, 1, 1, 
MaG2020Du11-12 cursive, 1, 0, 2, 1, 1, 3, 0, 1, 0, 0, 99, 0, 0, 2, 
NaR2020Ne11-12 cursive, 1, 0, 2, 1, 1, 1, 99, 99, 0, 0, 99, 0, 99, 2, 
RoG2020Er11-12 cursive, 1, 0, 2, 1, 1, 1, 1, 1, 0, 0, 99, 1, 1, 1, 
SaE2020Mo11-12 cursive, 1, 0, 2, 1, 0, 1, 0, 2, 0, 0, 99, 1, 1, 1, 
SoA2020Wu11-12 cursive, 1, 0, 2, 1, 1, 3, 1, 1, 0, 0, 99, 1, 2, 2, 
SyM2020Ro11-12 cursive, 1, 0, 2, 1, 1, 3, 0, 1, 0, 0, 99, 1, 1, 1, 
WlC2020ma11-12 cursive, 1, 0, 1, 1, 1, 1, 1, 1, 0, 0, 99, 2, 2, 2, 
