CTV1
ADM2020DA 11-12 cursive, 1, 0, 2, 1, 1, 1, 0, 1, 0, 0, 99, 0, 0, 0, 
ALG2020FI 11-12 cursive, 1, 0, 1, 1, 1, 1, 2, 1, 0, 0, 0, 0, 0, 0, 
ALJ2020PA 11-12 cursive, 1, 0, 1, 1, 1, 1, 0, 2, 0, 0, 99, 0, 0, 0, 
ANM2020MU 11-12 cursive, 1, 0, 2, 1, 1, 1, 0, 1, 0, 0, 99, 0, 0, 2, 
AY2020KH 11-12 cursive, 1, 0, 2, 1, 1, 1, 0, 1, 0, 0, 99, 0, 0, 0, 
AlT220Be 11-12 cursive, 1, 0, 2, 1, 1, 1, 1, 1, 0, 0, 99, 99, 1, 99, 
AsM2020Ha 11-12 cursive, 1, 0, 1, 1, 1, 0, 0, 1, 0, 0, 99, 2, 99, 0, 
AuG2020Al 11-12 cursive, 1, 0, 2, 1, 0, 99, 99, 1, 99, 0, 99, 99, 99, 0, 
CHH2020AN 11-12 cursive, 1, 0, 1, 1, 1, 1, 2, 1, 0, 1, 99, 0, 0, 99, 
DyT2020Ly 11-12 cursive, 1, 0, 2, 1, 0, 1, 1, 1, 1, 1, 99, 2, 99, 0, 
HEM2020RO 11-12 cursive, 1, 0, 2, 1, 1, 3, 0, 1, 0, 0, 99, 99, 0, 99, 
JAA2020GO 11-12 cursive, 1, 0, 1, 1, 1, 1, 0, 1, 0, 0, 99, 99, 0, 0, 
JAM2020SP 11-12 cursive, 1, 0, 2, 1, 1, 1, 1, 1, 0, 0, 99, 99, 0, 0, 
JOC2020SI 11-12 cursive, 1, 0, 2, 1, 1, 1, 2, 1, 0, 0, 99, 0, 99, 2, 
Jot2020mi 11-12 cursive, 1, 0, 2, 0, 0, 1, 2, 1, 99, 0, 99, 0, 0, 0, 
JuM2020To 11-12 cursive, 1, 0, 2, 1, 1, 1, 0, 1, 0, 0, 99, 2, 0, 0, 
Laj2020Pa 11-12 cursive, 1, 0, 1, 1, 1, 1, 0, 1, 0, 1, 99, 2, 0, 0, 
MaA2020PC 11-12 cursive, 1, 0, 1, 1, 1, 1, 0, 2, 0, 0, 99, 0, 0, 0, 
Mac2020Wi 11-12 cursive, 1, 0, 1, 1, 1, 1, 0, 1, 0, 0, 99, 0, 0, 0, 
MlE2020Ro 11-12 cursive, 1, 0, 99, 1, 0, 1, 2, 1, 1, 99, 99, 0, 0, 99, 
ReT2020Oj 11-12 cursive, 1, 0, 2, 1, 1, 3, 2, 2, 0, 0, 99, 0, 0, 0, 
SIP2020FL 11-12 cursive, 1, 0, 1, 99, 1, 1, 1, 1, 0, 0, 99, 0, 0, 0, 
TIP2020FE 11-12 cursive, 1, 0, 1, 1, 1, 1, 99, 1, 0, 0, 99, 0, 2, 2, 
