CTV1
AN(n)M2023AD(d)11-12, 1, 1, 0, 1, 1, 5, 1, 0, 3, 0, 99, 0, 0, 0, 
BR(r)M2023ED(d)11-12, 1, 1, 0, 1, 0, 1, 1, 0, 3, 1, 99, 99, 0, 0, 
EL(l)J2023CL(l)11-12, 1, 1, 2, 4, 0, 1, 1, 0, 1, 0, 99, 0, 2, 2, 
EL(l)N2023GA(a)11-12, 1, 1, 0, 0, 0, 1, 1, 0, 3, 1, 99, 1, 0, 0, 
ET(t)H2023SP(p)11-12, 1, 1, 0, 0, 0, 4, 0, 1, 3, 0, 99, 0, 0, 0, 
EV(v)E2023HA(a)11-12, 1, 1, 0, 1, 0, 1, 1, 0, 1, 0, 99, 0, 99, 99, 
GE(e)B2023ME(e)11-12, 1, 1, 3, 4, 0, 1, 1, 3, 3, 1, 99, 0, 0, 1, 
GR(r)M2023HA(a)11-12, 1, 1, 0, 0, 0, 1, 1, 0, 3, 0, 99, 0, 0, 2, 
GR(r)R2023NE(e)11-12, 1, 1, 0, 1, 0, 1, 1, 0, 1, 1, 99, 99, 2, 0, 
HE(e)M2023TR(r)11-12, 1, 1, 0, 1, 0, 99, 1, 0, 1, 0, 99, 2, 2, 1, 
IS(s)K2023BL(l)11-12, 1, 1, 0, 2, 0, 1, 1, 0, 1, 1, 99, 0, 0, 99, 
IS(s)V2023CA(a)11-12, 1, 1, 0, 1, 0, 1, 1, 0, 2, 1, 99, 2, 2, 0, 
JA(a)T2023ME(e)11-12, 1, 1, 4, 4, 0, 4, 1, 4, 3, 0, 99, 0, 0, 2, 
JE(e)L2023KE(e)11-12, 1, 1, 0, 0, 0, 1, 1, 0, 1, 0, 99, 0, 0, 0, 
NE(e)A2023AB(b)11-12, 1, 1, 0, 1, 0, 1, 1, 0, 1, 0, 99, 0, 0, 0, 
NO(o)E2023HA(a)11-12, 1, 1, 0, 0, 0, 4, 1, 1, 3, 1, 99, 0, 0, 2, 
OL(l)G2023BA(a)11-12, 1, 1, 0, 1, 0, 99, 1, 99, 99, 0, 99, 0, 0, 0, 
PA(a)M2023MA(a)11-12, 1, 1, 0, 2, 0, 99, 1, 0, 3, 0, 99, 0, 99, 99, 
TR(r)J2023NE(e)11-12, 1, 1, 0, 1, 0, 1, 1, 0, 2, 1, 99, 0, 0, 0, 
TY(y)J2023SC(c)11-12, 1, 1, 0, 0, 0, 1, 1, 0, 3, 1, 99, 0, 99, 2, 
WA(a)P2023CL(l)11-12, 1, 1, 0, 1, 0, 1, 0, 0, 3, 0, 99, 0, 0, 0, 
WI(i)R2023TI(i)11-12, 1, 1, 0, 0, 0, 1, 1, 1, 3, 0, 99, 0, 2, 2, 
ZO(o)D2023LI(i)11-12, 1, 1, 0, 0, 0, 1, 1, 0, 3, 0, 99, 2, 2, 1, 
