CTV1
AL(l)N2023BE(e)11-12, 1, 1, 0, 0, 0, 1, 99, 1, 3, 0, 99, 0, 0, 0, 
AL(l)R2023AT(t)11-12, 1, 1, 0, 1, 0, 99, 1, 0, 1, 1, 99, 0, 0, 0, 
AN(n)K2023JO(o)11-12, 1, 1, 0, 1, 0, 1, 1, 0, 3, 0, 99, 0, 0, 2, 
BR(r)M2023WI(i)11-12, 1, 1, 0, 1, 0, 1, 1, 1, 3, 0, 99, 0, 0, 0, 
BR(r)W2023AL(l)11-12, 1, 1, 0, 1, 0, 2, 1, 0, 1, 0, 99, 2, 0, 0, 
CA(a)D2023PE(e)11-12, 1, 1, 0, 0, 0, 1, 1, 0, 1, 0, 99, 2, 0, 0, 
CA(a)G2023MA(a)11-12, 1, 1, 0, 99, 0, 1, 1, 0, 1, 0, 99, 99, 0, 0, 
CA(a)T2023BR(r)11-12, 1, 1, 0, 0, 0, 4, 0, 0, 3, 0, 99, 0, 2, 2, 
DA(a)F2023WO(o)11-12, 1, 1, 1, 4, 0, 1, 1, 1, 3, 1, 99, 0, 0, 0, 
EL(l)J2023MU(u)11-12, 1, 1, 0, 0, 0, 1, 1, 0, 1, 0, 99, 0, 0, 0, 
ER(r)E2023GR(r)11-12, 1, 1, 0, 0, 0, 3, 1, 0, 1, 0, 99, 2, 0, 0, 
ET(t)K2023HA(a)11-12, 1, 1, 1, 4, 0, 1, 1, 1, 3, 0, 99, 99, 2, 0, 
FO(o)N2023OL(l)11-12, 1, 1, 0, 1, 0, 1, 1, 0, 1, 0, 99, 0, 99, 2, 
IS(s)N2023EA(a)11-12, 1, 1, 0, 1, 0, 99, 1, 0, 1, 0, 99, 0, 0, 0, 
IS(s)S2023WE(e)11-12, 1, 1, 0, 0, 0, 4, 0, 0, 3, 0, 99, 2, 2, 99, 
JU(u)M2023SW(w)11-12, 1, 1, 0, 1, 0, 1, 1, 0, 99, 1, 99, 2, 2, 99, 
KA(a)R2023BE(e)11-12, 1, 1, 0, 1, 0, 1, 0, 0, 2, 1, 99, 0, 0, 0, 
LI(i)E2023LI(i)11-12, 1, 1, 0, 1, 0, 4, 1, 0, 2, 1, 99, 0, 0, 0, 
LU(u)T2023KR(r)11-12, 1, 1, 0, 1, 0, 1, 1, 0, 1, 1, 99, 0, 0, 99, 
MA(a)E2023MO(o)11-12, 1, 1, 0, 1, 0, 1, 99, 0, 1, 0, 99, 99, 2, 2, 
MA(a)J2023CR(r)11-12, 1, 1, 0, 0, 0, 1, 1, 0, 1, 0, 99, 0, 0, 0, 
MA(a)L2023KR(r)11-12, 1, 1, 0, 0, 0, 1, -1, 0, 1, 0, 99, 0, 0, 0, 
RY(y)M2023PA(a)11-12, 1, 1, 0, 0, 0, 4, 1, 0, 1, 1, 99, 0, 0, 2, 
