CTV1
AaP2022Ng 11-12 printed, 1, 1, 0, 0, 0, 1, 1, 1, 3, 0, 99, 0, 0, 2, 
AiM2022Wo 11-12 printed, 1, 1, 0, 0, 0, 1, 1, 0, 2, 1, 99, 0, 0, 0, 
AlC2022Gu 11-12 printed, 1, 1, 0, 1, 0, 1, 1, 0, 1, 1, 99, 0, 0, 0, 
BrJ2022Ku 11-12 printed, 1, 1, 2, 4, 0, 3, 1, 0, 1, 0, 99, 0, 0, 0, 
ChT2022Cl 11-12 printed, 1, 1, 0, 1, 0, 1, 1, 0, 2, 0, 99, 0, 0, 0, 
CoL2022Mc 11-12 printed, 1, 1, 0, 0, 0, 0, 1, 0, 2, 1,  0, 0, 0, 2, 
EmG2022Ja 11-12 printed, 1, 1, 0, 1, 0, 1, 1, 1, 3, 1, 99, 0, 2, 1, 
ErT2022Ra 11-12 printed, 1, 1, 0, 0, 0, 4, 0, 0, 1, 0, 99, 2, 99, 0, 
EtM2022Mc 11-12 printed, 1, 1, 3, 4, 1, 5, 1, 0, 3, 0, 99, 0, 0, 0, 
GaL2022Gi 11-12 printed, 1, 1, 0, 1, 0, 4, 1, 0, 1, 0, 99, 99, 0, 0, 
GrD2022Di 11-12 printed, 1, 1, 0, 0, 0, 1, 1, 0, 1, 1, 99, 0, 0, 2, 
JaJ2022Ne 11-12 printed, 1, 1, 0, 1, 0, 1, 0, 0, 3, 0, 99, 0, 0, 0, 
JoJ2022Ch 11-12 printed, 1, 1, 3, 4, 0, 1, 1, 0, 1, 0, 99, 0, 0, 0, 
JoR2022Be 11-12 printed, 1, 1, 0, 99, 0, 1, 1, 0, 1, 0, 99, 1, 0, 0, 
MaE2022Oc 11-12 printed, 1, 1, 0, 1, 0, 1, 1, 0, 3, 0, 99, 0, 0, 0, 
MaN2022Mc 11-12 printed, 1, 1, 0, 1, 0, 1, 1, 3, 3, 1, 99, 0, 0, 0, 
NaM2022Va 11-12 printed, 1, 1, 0, 1, 0, 1, 1, 1, 3, 1, 99, 0, 0, 99, 
NaT2022Ks 11-12 printed, 1, 1, 0, 1, 0, 1, 1, 0, 3, 0, 99, 0, 0, 0, 
PaF2022Lo 11-12 printed, 1, 1, 0, 1, 0, 1, 1, 0, 1, 0, 99, 0, 0, 0, 
PaR2022Kh 11-12 printed, 1, 1, 0, 0, 0, 1, 1, 0, 1, 0, 99, 0, 0, 2, 
ReA2022Ha 11-12 printed, 1, 1, 0, 0, 0, 1, 1, 0, 1, 0, 99, 0, 0, 2, 
SkE2022Ro 11-12 printed, 1, 1, 0, 2, 0, 1, 1, 0, 1, 0, 99, 0, 0, 0, 
ViG2022Kl 11-12 printed, 1, 1, 0, 0, 0, 1, 1, 1, 3, -1, 0, 0, 0, 0, 
