CTV1
AdS2022Sh 11-12 printed, 1, 1, 0, 0, 0, 1, 1, 0, 1, 0, 99, 0, 0, 0, 
BlF2022Ro 11-12 printed, 1, 1, 0, 99, 0, 1, 1, 0, 1, 1, 99, 0, 0, 0, 
BrJ2022Pa 11-12 printed, 1, 1, 0, 1, 0, 1, 1, 0, 1, 1, 99, 0, 0, 0, 
CeL2022Fa 11-12 printed, 1, 1, 0, 0, 0, 1, 1, 0, 2, 1, 99, 0, 0, 0, 
CoR2022Ta 11-12 printed, 1, 1, 2, 4, 0, 4, 1, 0, 1, 0, 99, 0, 0, 0, 
ElD2022Ho 11-12 printed, 1, 1, 0, 1, 0, 1, 1, 0, 1, 1, 0, 0, 2, 2, 
ErL2022Pi 11-12 printed, 1, 1, 99, 99, 0, 1, 1, 0, 2, 1, 99, 0, 0, 2, 
GaJ2022El 11-12 printed, 1, 1, 0, 1, 0, 1, 1, 0, 1, 1, 99, 0, 0, 0, 
IrA 2022Ku 11-12 printed, 1, 1, 0, 0, 0, 1, 1, 0, 2, 1, 99, 0, 0, 0, 
JeD2022Ca 11-12 printed, 1, 1, 0, 1, 1, 5, 1, 0, 1, 1, 99, 0, 0, 0, 
JoM2022Sc 11-12 printed, 1, 1, 0, 1, 0, 1, 1, 0, 1, 0, 99, 0, 0, 0, 
KaG2022Ko 11-12 printed, 1, 1, 0, 1, 0, 1, 1, 0, 1, 0, 99, 0, 2, 2, 
KyB2022He 11-12 printed, 1, 1, 0, 0, 0, 1, 1, 0, 3, 0, 99, 0, 0, 2, 
MaE2022Mo 11-12 printed, 1, 1, 0, 1, 0, 3, 1, 0, 1, 1, 99, 0, 1, 2, 
MaL2022Bi 11-12 printed, 1, 1, 0, 0, 0, 1, 1, 0, 0, 0, 99, 0, 0, 0, 
MaO2022Fa 11-12 printed, 1, 1, 0, 2, 0, 1, 1, 0, 3, 0, 99, 0, 0, 0, 
MaR2022El 11-12 printed, 1, 1, 0, 0, 0, 1, 1, 0, 1, 0, 99, 0, 2, 2, 
Mi2022D_11-12 printed, 1, 1, 0, 0, 0, 4, 1, 0, 1, 1, 99, 0, 0, 0, 
Ni2022Si 11-12 printed, 1, 1, 0, 1, 0, 1, 1, 0, 1, 1, 99, 0, 99, 2, 
PeS2022Si 11-12 printed, 1, 1, 0, 0, 0, 1, 1, 0, 0, 1, 99, 0, 0, 0, 
ReD2022Wi 11-12 printed, 1, 1, 0, 1, 0, 99, 1, 0, 3, 0, 99, 0, 0, 2, 
SoE2022Ba 11-12 printed, 1, 1, 0, 1, 0, 1, 1, 0, 1, 1, 99, 0, 0, 0, 
To_2022C_11-12 printed, 1, 1, 0, 0, 0, 1, 1, 0, 1, 0, 99, 0, 0, 0, 
