CTV1
AdP2021Ka 11-12 cursive, 1, 0, 2, 1, 0, 1, 1, 1, 1, 3, 99, 2, 2, 0, 
AhA2021Hu 11-12 cursive, 1, 0, 1, 1, 0, 1, 0, 99, 1, 3, 99, 0, 0, 0, 
BrE2021Be11-12 cursive, 1, 0, 1, 1, 1, 1, 0, 99, 1, 0, 99, 0, 0, 0, 
BrI2021Ha 11-12 cursive, 1, 0, 0, 1, 0, 1, 0, 1, 99, 0, 0, 99, 0, 0, 
CaJ2021Ho11-12 cursive, 1, 0, 2, 1, 1, 1, 2, 2, 0, 0, 99, 2, 0, 0, 
DoL2021Ba 11-12 cursive, 1, 0, 1, 0, 1, 1, 2, 1, 99, 0, 99, 0, 2, 2, 
ElG2021Sc 11-12 cursive, 1, 0, 2, 1, 1, 1, 0, 1, 0, 0, 99, 2, 2, 0, 
GaE2021To11-12 cursive, 1, 0, 1, 1, 1, 1, 99, 2, 0, 0, 99, 0, 0, 0, 
GaT2021Kl 11-12 cursive, 1, 0, 1, 1, 1, 3, 99, 2, 0, 0, 99, 0, 0, 0, 
JoP2021Co 11-12 cursive, 1, 0, 1, 99, 99, 1, 99, 99, 99, 99, 99, 99, 99, 99, 
KiR2021Ko11-12 cursive, 1, 0, 99, 1, 1, 1, 0, 99, 0, 0, 99, 2, 0, 0, 
MaR2012Sh11-12 cursive, 1, 0, 1, 1, 1, 1, 0, 2, 0, 0, 99, 0, 0, 99, 
MeK2021Ra 11-12 cursive, 1, 0, 1, 1, 1, 1, 0, 1, 1, 0, 99, 0, 0, 2, 
MiG2021Pa 11-12 cursive, 1, 0, 1, 99, 1, 1, 0, 1, 0, 0, 99, 0, 0, 2, 
NaL2021Ge 11-12 cursive, 1, 0, 99, 1, 1, 1, 0, 2, 0, 0, 99, 0, 2, 2, 
NiM2021St 11-12 cursive, 1, 0, 1, 1, 1, 1, 0, 1, 0, 0, 99, 1, 0, 0, 
SaJ2021Be 11-12 cursive, 1, 0, 1, 1, 0, 1, 0, 1, 1, 0, 99, 0, 1, 2, 
SaM2021Os11-12 cursive, 1, 0, 2, 1, 1, 1, 2, 1, 0, 0, 99, 2, 0, 0, 
TeK2021Vu 11-12 cursive, 1, 0, 1, 1, 1, 1, 2, 99, 1, 0, 99, 0, 0, 2, 
TiP2021Gr 11-12 cursive, 1, 0, 1, 99, 99, 0, 0, 1, 0, 0, 0, 0, 2, 2, 
TyJ2021Zw11-12 cursive, 1, 0, 2, 1, 1, 1, 2, 1, 0, 0, 99, 0, 0, 0, 
