CTV1
ABA2021SU 11-12 cursive, 1, 0, 1, 1, 1, 1, 1, 1, 0, 0, 99, 2, 0, 0, 
ABI2021LO 11-12 cursive, 1, 0, 1, 1, 1, 1, 1, 2, 0, 0, 99, 0, 0, 99, 
ALJ2021WI 11-12 cursive, 1, 0, 2, 1, 1, 1, 0, 1, 1, 0, 99, 0, 0, 0, 
AdP2021Ka 11-12 cursive, 1, 0, -1, -1, -1, -1, -1, -1, -1, -1, -1, 2, 2, 1, 
AhA2021Hu 11-12 cursive, 1, 0, -1, -1, -1, -1, -1, -1, -1, -1, -1, 0, 0, 0, 
BrE2021Be11-12 cursive, 1, 0, -1, -1, -1, -1, -1, -1, -1, -1, -1, 0, 0, 0, 
BrI2021Ha 11-12 cursive, 1, 0, -1, -1, -1, -1, -1, -1, -1, -1, -1, 99, 99, 0, 
CaJ2021Ho11-12 cursive, 1, 0, -1, -1, -1, -1, -1, -1, -1, -1, -1, 2, 0, 0, 
DoL2021Ba 11-12 cursive, 1, 0, -1, -1, -1, -1, -1, -1, -1, -1, -1, 0, 2, 2, 
ElG2021Sc 11-12 cursive, 1, 0, -1, -1, -1, -1, -1, -1, -1, -1, -1, 2, 2, 0, 
GaE2021To11-12 cursive, 1, 0, -1, -1, -1, -1, -1, -1, -1, -1, -1, 0, 0, 0, 
GaT2021Kl 11-12 cursive, 1, 0, -1, -1, -1, -1, -1, -1, -1, -1, -1, 0, 0, 99, 
HAVE2021EV 11-12 cursive, 1, 0, 1, 1, 1, 1, 0, 1, 1, 0, 99, 0, 0, 0, 
HUJ2021PA 11-12 cursive, 1, 0, 99, 99, 0, 99, 99, 99, 99, 3, 99, 99, 0, 0, 
JoP2021Co 11-12 cursive, 1, 0, -1, -1, -1, -1, -1, -1, -1, -1, -1, 0, 0, 0, 
KiR2021Ko11-12 cursive, 1, 0, -1, -1, -1, -1, -1, -1, -1, -1, -1, 2, 99, 0, 
MAA2021MA 11-12 cursive, 1, 0, 1, 1, 1, 1, 99, 1, 0, 2, 99, 0, 0, 0, 
MaR2012Sh11-12 cursive, 1, 0, -1, -1, -1, -1, -1, -1, -1, -1, -1, 0, 0, 0, 
MeK2021Ra 11-12 cursive, 1, 0, -1, -1, -1, -1, -1, -1, -1, -1, -1, 0, 0, 2, 
MiG2021Pa 11-12 cursive, 1, 0, -1, -1, -1, -1, -1, -1, -1, -1, -1, 0, 0, 2, 
NaL2021Ge 11-12 cursive, 1, 0, -1, -1, -1, -1, -1, -1, -1, -1, -1, 0, 2, 2, 
NiM2021St 11-12 cursive, 1, 0, -1, -1, -1, -1, -1, -1, -1, -1, -1, 1, 0, 0, 
RER2021HA 11-12 cursive, 1, 0, 1, 1, 0, 1, 0, 1, 99, 3, 99, 2, 0, 0, 
SAL2021OL 11-12 cursive, 1, 0, 1, 2, 0, 1, 2, 99, 99, 3, 99, 99, 2, 0, 
SYK2021FU 11-12 cursive, 1, 0, 0, 1, 0, 1, 0, 99, 99, 3, 99, 0, 0, 2, 
SaJ2021Be 11-12 cursive, 1, 0, -1, -1, -1, -1, -1, -1, -1, -1, -1, 0, 0, 2, 
SaM2021Os11-12 cursive, 1, 0, -1, -1, -1, -1, -1, -1, -1, -1, -1, 2, 0, 0, 
THS2021SW 11-12 cursive, 1, 0, 1, 99, 0, 1, 0, 1, 1, 3, 99, 0, 0, 2, 
TeK2021Vu 11-12 cursive, 1, 0, -1, -1, -1, -1, -1, -1, -1, -1, -1, 0, 0, 2, 
TiP2021Gr 11-12 cursive, 1, 0, -1, -1, -1, -1, -1, -1, -1, -1, -1, 0, 2, 2, 
TyJ2021Zw11-12 cursive, 1, 0, -1, -1, -1, -1, -1, -1, -1, -1, -1, 0, 0, 0, 
WIT2021TH 11-12 cursive, 1, 0, 99, 99, 0, 99, 99, 1, 1, 0, 99, 0, 0, 0, 
ZAP2021CA 11-12 cursive, 1, 0, 2, 1, 1, 1, 0, 1, 1, 0, 99, 99, 0, 2, 
