CTV1
CaA2021Co11-12 cursive, 1, 0, 2, 1, 1, 3, 1, 1, 0, 0, 99, 0, 0, 0, 
CaR2021Jo11-12 cursive, 1, 0, 1, 1, 1, 1, 0, 1, 0, 0, 99, 0, 0, 0, 
ClM2021Bl11-12 cursive, 1, 0, 1, 1, 1, 1, 0, 1, 0, 0, 99, 0, 0, 1, 
EmL2021Gu11-12 cursive, 1, 0, 99, 1, 1, 1, 0, 1, 0, 0, 99, 2, 0, 0, 
HaS2021Me 11-12 cursive, 1, 0, 2, 1, 1, 3, 0, 2, 0, 0, 99, 1, 0, 0, 
JaA2021Mo 11-12 cursive, 1, 0, 1, 1, 1, 99, 0, 1, 0, 0, 99, 99, 0, 0, 
JoR2021Sm 11-12 cursive, 1, 0, 2, 2, 1, 1, 0, 2, 0, 0, 99, 0, 0, 2, 
LoP2021Sc 11-12 cursive, 1, 0, 1, 1, 1, 3, 99, 1, 0, 0, 99, 0, 99, 2, 
Mal2021Be11-12 cursive, 1, 0, 2, 1, 1, 1, 0, 1, 0, 0, 99, 0, 0, 1, 
NiK2021Pa 11-12 cursive, 1, 0, 2, 1, 1, 3, 0, 1, 0, 0, 99, 0, 0, 0, 
OlA2021Pe 11-12 cursive, 1, 0, 1, 1, 1, 1, 0, 1, 0, 0, 99, 0, 1, 2, 
QuK2021Kl 11-12 cursive, 1, 0, 2, 1, 1, 1, 0, 2, 0, 0, 99, 0, 0, 99, 
RyJ2021Do11-12 cursive, 1, 0, 1, 1, 1, 1, 0, 2, 0, 0, 99, 2, 99, 0, 
TaJ2021Ig11-12 cursive, 1, 0, 1, 1, 1, 1, 0, 1, 0, 0, 99, 2, 0, 0, 
ThJ2021Wh 11-12 cursive, 1, 0, 2, 2, 1, 1, 99, 1, 0, 0, 99, 0, 1, 2, 
TyL2021Ku 11-12 cursive, 1, 0, 2, 1, 1, 3, 1, 99, 0, 0, 99, 2, 99, 1, 
WiA2021Ke 11-12 cursive, 1, 0, 2, 1, 1, 3, 1, 1, 0, 0, 99, 2, 0, 99, 
