CTV1
AnL2021Mi11-12 cursive, 1, 0, 1, 1, 1, 1, 2, 1, 0, 0, 99, 0, 1, 2, 
AnV2021Za11-12 cursive, 1, 0, 1, 1, 1, 1, 0, 1, 0, 0, 99, 0, 0, 0, 
BeD2021An11-12 cursive, 1, 0, 2, 1, 1, 1, 1, 1, 0, 0, 99, 0, 0, 0, 
BeM2021Ja11-12 cursive, 1, 0, 2, 1, 1, 1, 99, 1, 1, 0, 99, 99, 0, 99, 
CaS2021Ab11-12 cursive, 1, 0, 1, 1, 1, 1, 1, 1, 0, 0, 99, 0, 0, 0, 
CiP2021La11-12 cursive, 1, 0, 2, 2, 1, 1, 0, 99, 0, 0, 99, 0, 0, 0, 
EmE2021La 11-12 cursive, 1, 0, 1, 2, 1, 1, 2, 1, 0, 0, 99, 0, 0, 1, 
EmE2021Pa11-12 cursive, 1, 0, 1, 1, 1, 1, 99, 1, 0, 0, 99, 0, 99, 2, 
EmL2021Za11-12 cursive, 1, 0, 1, 1, 1, 1, 0, 1, 0, 0, 99, 0, 99, 2, 
EtD2021Wa 11-12 cursive, 1, 0, 1, 1, 1, 1, 0, 1, 0, 0, 99, 0, 0, 0, 
JoR2021Bl11-12 cursive, 1, 0, 2, 1, 1, 1, 2, 1, 1, 0, 99, 1, 2, 2, 
LaE2021Ne11-12 cursive, 1, 0, 1, 1, 1, 1, 99, 1, 0, 0, 99, 0, 0, 2, 
LaT2021Do11-12 cursive, 1, 0, 1, 1, 1, 1, 0, 1, 1, 0, 99, 0, 0, 0, 
LiM2021Mc11-12 cursive, 1, 0, 1, 1, 1, 1, 0, 1, 0, 0, 99, 0, 0, 2, 
LiM2021Pe 11-12 cursive, 1, 0, 2, 1, 1, 1, 99, 1, 0, 0, 99, 0, 0, 1, 
MaA2021Du 11-12 cursive, 1, 0, 99, 1, 1, 1, 2, 1, 0, 0, 99, 0, 0, 2, 
MaA2021Kr11-12 cursive, 1, 0, 99, 1, 1, 1, 1, 1, 0, 0, 99, 0, 0, 0, 
NaR2021Ma11-12 cursive, 1, 0, 2, 1, 1, 1, 0, 2, 0, 2, 99, 0, 0, 2, 
OhA2021Ye 11-12 cursive, 1, 0, 1, 2, 1, 1, 2, 2, 0, 0, 99, 1, 0, 0, 
RoA2021Ea11-12 cursive, 1, 0, 1, 1, 1, 1, 99, 1, 0, 99, 99, 1, 99, 99, 
RyX2021Bo11-12 cursive, 1, 0, 1, 1, 1, 1, 99, 99, 0, 0, 99, 0, 0, 0, 
YaA2021Yu11-12 cursive, 1, 0, 1, 1, 1, 3, 0, 1, 0, 0, 99, 1, 0, 0, 
