CTV1
ADD2021HO-11-12 and cursive, 1, 0, 1, 1, 1, 1, 99, 1, 1, 0, 99, 0, 0, 0, 
ALA2021FR-11-12 and cursive, 1, 0, 2, 1, 1, 1, 0, 1, 0, 0, 99, 0, 0, 2, 
ALJ2021SC-11-12 and cursive, 1, 0, 2, 1, 1, 1, 1, 2, 99, 0, 99, 2, 2, 0, 
AlM2021Ta-11-12 and cursive, 1, 0, 2, 1, 1, 1, 0, 1, 0, 0, 99, 0, 0, 2, 
Car2021Ro-11-12 and cursive, 1, 0, 1, 99, 1, 1, 0, 99, 1, 0, 99, 0, 0, 99, 
CrA2021He-11-12 and cursive, 1, 0, 1, 1, 1, 3, 0, 2, 1, 0, 99, 2, 0, 0, 
ELE2021ER-11-12 and cursive, 1, 0, 99, 1, 1, 1, 0, 1, 0, 0, 99, 0, 0, 0, 
ISJ2021BU11-12 and cursive, 1, 0, 99, 1, 1, 1, 0, 1, 0, 0, 99, 0, 0, 2, 
JAR2021BU-11-12 and cursive, 1, 0, 99, 1, 1, 3, 0, 1, 0, 0, 99, 0, 2, 2, 
JOM2021FA-11-12 and cursive, 1, 0, 2, 2, 1, 1, 0, 1, 0, 0, 99, 0, 0, 0, 
JaA2021Ko-11-12 and cursive, 1, 0, 2, 1, 1, 1, 0, 1, 0, 0, 99, 0, 0, 0, 
KAA2021JO-11-12 and cursive, 1, 0, 99, 1, 1, 1, 0, 2, 0, 0, 99, 0, 0, 0, 
KAE2021BU-11-12 and cursive, 1, 0, 2, 1, 1, 1, 0, 1, 0, 0, 99, 0, 0, 0, 
KEJ2021LA-11-12 and cursive, 1, 0, 2, 1, 1, 1, 0, 2, 0, 0, 99, 2, 2, 0, 
MIK2021YO-11-12 and cursive, 1, 0, 1, 1, 0, 1, 0, 2, 0, 0, 0, 2, 2, 99, 
RE2021CH-11-12 and cursive, 1, 0, 2, 1, 1, 3, 0, 1, 0, 0, 99, 0, 0, 0, 
ROJ2021SE11-12 and cursive, 1, 0, 1, 1, 1, 1, 2, 1, 0, 0, 99, 0, 0, 2, 
SOA2021HE-11-12 and cursive, 1, 0, 99, 1, 1, 1, 0, 99, 0, 2, 99, 0, 0, 0, 
TOT2021VA-11-12 and cursive, 1, 0, 1, 1, 1, 1, 0, 1, 0, 0, 99, 0, 0, 2, 
